Marke: nachher – 26 Läufe

| GOP | Sprung | Szene | Dauer s | Zeiger/s | Bilder/s (Anzeige) | Video-Bilder/s | Sprünge/s | Sprung ms Ø/max | Verspät. Bilder Ø | p95 | max | Bildalter ms Ø | p95 | max | Zeichn./s | bearb. % | Maske sichtbar % | 1. Bild ms | Stillstand→richtig ms | Loslassen→Editor ms | Standbild ok |
|---|---|---|---|---|---|---|---|---|---|---|---|---|---|---|---|---|---|---|---|---|---|
| 25 | 0 | schnell | 1,0 | 35 | 18,0 | 0,0 | 0,0 | – / – | 7,1 | 19 | 20 | 23 | 68 | 69 | 20,0 | 100 | – | 18 | – | 185 | ja |
| 25 | 0 | langsam | 6,0 | 29 | 20,3 | 0,0 | 0,0 | – / – | 0,9 | 2 | 5 | 10 | 30 | 84 | 20,6 | 100 | – | 22 | – | 180 | ja |
| 25 | 0 | hinher | 3,2 | 20 | 12,5 | 0,0 | 0,0 | – / – | 9,9 | 29 | 42 | 46 | 129 | 416 | 13,7 | 100 | – | 19 | – | 150 | ja |
| 25 | 0 | stopp | 2,6 | 5 | 5,4 | 0,4 | 0,4 | 81 / 81 | 0,9 | 9 | 15 | 3 | 39 | 60 | 5,8 | 100 | – | 27 | 219 | 176 | ja |
| 100 | 0 | schnell | 1,0 | 24 | 15,0 | 0,0 | 0,0 | – / – | 9,0 | 24 | 42 | 35 | 90 | 156 | 15,0 | 100 | – | 26 | 11 | 574 | ja |
| 100 | 0 | langsam | 6,0 | 26 | 15,3 | 0,0 | 0,0 | – / – | 1,7 | 4 | 6 | 22 | 68 | 101 | 15,7 | 100 | – | 18 | – | 434 | ja |
| 100 | 0 | hinher | 3,2 | 30 | 20,9 | 0,0 | 0,0 | – / – | 2,5 | 11 | 19 | 13 | 61 | 266 | 21,2 | 100 | – | 66 | – | 265 | ja |
| 100 | 0 | stopp | 2,6 | 7 | 5,4 | 0,4 | 0,4 | 285 / 285 | 1,1 | 10 | 18 | 4 | 43 | 75 | 5,8 | 100 | – | 29 | 445 | 278 | ja |
| 25 | 120 | schnell | 1,0 | 25 | 19,0 | 0,0 | 0,0 | – / – | 6,3 | 23 | 32 | 24 | 91 | 124 | 19,0 | 100 | – | 28 | – | 261 | ja |
| 25 | 120 | langsam | 6,0 | 36 | 21,5 | 0,0 | 0,0 | – / – | 0,7 | 2 | 3 | 5 | 30 | 47 | 21,7 | 100 | – | 17 | – | 231 | ja |
| 25 | 120 | hinher | 3,2 | 36 | 20,6 | 0,0 | 0,0 | – / – | 5,8 | 15 | 20 | 24 | 66 | 233 | 21,6 | 100 | – | 21 | – | 219 | ja |
| 25 | 120 | stopp | 2,6 | 6 | 5,8 | 0,4 | 0,4 | 44 / 44 | 1,5 | 14 | 19 | 5 | 49 | 73 | 6,2 | 100 | – | 23 | 302 | 255 | ja |
| 25 | 250 | schnell | 1,0 | 29 | 14,0 | 0,0 | 0,0 | – / – | 6,0 | 19 | 28 | 25 | 83 | 113 | 15,0 | 100 | – | 32 | – | 400 | ja |
| 25 | 250 | langsam | 6,0 | 32 | 21,7 | 0,0 | 0,0 | – / – | 0,8 | 2 | 3 | 8 | 34 | 44 | 21,8 | 100 | – | 27 | – | 376 | ja |
| 25 | 250 | hinher | 3,2 | 36 | 18,7 | 0,0 | 0,0 | – / – | 6,6 | 18 | 24 | 26 | 66 | 236 | 19,7 | 100 | – | 19 | – | 416 | ja |
| 25 | 250 | stopp | 2,6 | 7 | 4,6 | 0,4 | 0,4 | 80 / 80 | 1,9 | 14 | 24 | 6 | 50 | 87 | 5,0 | 100 | – | 21 | 487 | 453 | ja |
| 100 | 250 | schnell | 1,0 | 21 | 18,0 | 0,0 | 0,0 | – / – | 6,3 | 24 | 37 | 24 | 95 | 140 | 18,0 | 100 | – | 26 | – | 694 | ja |
| 100 | 250 | langsam | 6,0 | 24 | 17,3 | 0,0 | 0,0 | – / – | 1,6 | 4 | 6 | 22 | 72 | 115 | 17,4 | 100 | – | 22 | – | 653 | ja |
| 100 | 250 | hinher | 3,2 | 20 | 14,0 | 0,0 | 0,0 | – / – | 5,1 | 18 | 29 | 33 | 109 | 354 | 14,9 | 100 | – | 30 | – | 593 | ja |
| 100 | 250 | stopp | 2,6 | 6 | 3,5 | 0,4 | 0,4 | 384 / 384 | 2,5 | 23 | 37 | 8 | 83 | 133 | 3,8 | 100 | – | 20 | 785 | 736 | ja |
