Marke: vorher – 20 Läufe

| GOP | Sprung | Szene | Dauer s | Zeiger/s | Bilder/s (Anzeige) | Video-Bilder/s | Sprünge/s | Sprung ms Ø/max | Verspät. Bilder Ø | p95 | max | Bildalter ms Ø | p95 | max | Zeichn./s | bearb. % | Maske sichtbar % | 1. Bild ms | Stillstand→richtig ms | Loslassen→Editor ms | Standbild ok |
|---|---|---|---|---|---|---|---|---|---|---|---|---|---|---|---|---|---|---|---|---|---|
| 25 | 0 | schnell | 1,0 | 58 | 9,0 | 10,0 | 10,0 | 101 / 148 | 37,3 | 56 | 60 | 134 | 198 | 215 | 0,0 | 0 | – | 153 | – | 219 | ja |
| 25 | 0 | langsam | 6,0 | 58 | 11,2 | 11,3 | 11,3 | 87 / 199 | 6,3 | 11 | 15 | 123 | 238 | 320 | 0,0 | 0 | – | 120 | 70 | 120 | ja |
| 25 | 0 | hinher | 3,2 | 59 | 9,4 | 9,7 | 9,7 | 105 / 232 | 29,8 | 51 | 56 | 135 | 233 | 299 | 0,0 | 0 | – | 125 | – | 240 | ja |
| 25 | 0 | stopp | 2,6 | 14 | 3,1 | 3,1 | 3,1 | 88 / 125 | 8,8 | 42 | 61 | 33 | 175 | 227 | 0,4 | 72 | – | 110 | 114 | 243 | ja |
| 100 | 0 | schnell | 1,0 | 58 | 6,0 | 6,0 | 6,0 | 210 / 385 | 65,9 | 107 | 111 | 242 | 384 | 401 | 0,0 | 0 | – | 72 | – | 522 | ja |
| 100 | 0 | langsam | 6,0 | 60 | 6,3 | 6,3 | 6,3 | 165 / 584 | 12,0 | 22 | 28 | 258 | 490 | 623 | 0,0 | 0 | – | 74 | 555 | 588 | ja |
| 100 | 0 | hinher | 3,2 | 57 | 4,4 | 4,7 | 4,7 | 233 / 544 | 64,5 | 149 | 163 | 329 | 650 | 782 | 0,0 | 0 | – | 86 | – | 369 | ja |
| 100 | 0 | stopp | 2,6 | 14 | 1,5 | 1,9 | 1,9 | 231 / 355 | 24,1 | 83 | 102 | 150 | 536 | 653 | 0,4 | 54 | – | 108 | 555 | 557 | ja |
| 25 | 120 | schnell | 1,0 | 59 | 4,0 | 5,0 | 4,0 | 88 / 160 | 78,2 | 107 | 121 | 281 | 399 | 433 | 0,0 | 0 | – | 187 | – | 387 | nein (275 statt 299) |
| 25 | 120 | langsam | 6,0 | 60 | 5,5 | 5,5 | 5,5 | 58 / 109 | 12,0 | 16 | 27 | 254 | 345 | 395 | 0,0 | 0 | – | 195 | – | 210 | ja |
| 25 | 120 | hinher | 3,2 | 55 | 5,3 | 5,6 | 5,6 | 57 / 102 | 53,4 | 84 | 94 | 259 | 379 | 428 | 0,0 | 0 | – | 183 | – | 248 | ja |
| 25 | 120 | stopp | 2,6 | 14 | 1,5 | 1,9 | 1,9 | 64 / 98 | 18,3 | 88 | 107 | 86 | 335 | 384 | 0,4 | 69 | – | 189 | 321 | 304 | ja |
| 25 | 250 | schnell | 1,0 | 59 | 2,0 | 2,0 | 2,0 | 124 / 183 | 122,2 | 195 | 204 | 537 | 723 | 740 | 0,0 | 0 | – | 378 | – | 478 | ja |
| 25 | 250 | langsam | 6,0 | 56 | 2,5 | 2,7 | 2,7 | 111 / 191 | 23,1 | 31 | 36 | 509 | 700 | 800 | 0,0 | 0 | – | 402 | – | 384 | ja |
| 25 | 250 | hinher | 3,2 | 58 | 2,5 | 2,5 | 2,5 | 109 / 163 | 88,8 | 174 | 191 | 468 | 687 | 744 | 0,0 | 0 | – | 360 | – | 373 | ja |
| 25 | 250 | stopp | 2,6 | 14 | 1,2 | 1,2 | 1,2 | 94 / 101 | 38,3 | 153 | 167 | 164 | 625 | 675 | 0,4 | 58 | – | 346 | 428 | 440 | ja |
| 100 | 250 | schnell | 1,0 | 59 | 2,0 | 3,0 | 3,0 | 157 / 321 | 125,8 | 172 | 177 | 451 | 616 | 632 | 0,0 | 0 | – | 337 | – | 687 | ja |
| 100 | 250 | langsam | 6,0 | 60 | 2,3 | 2,5 | 2,5 | 164 / 332 | 25,8 | 37 | 43 | 580 | 843 | 991 | 0,0 | 0 | – | 343 | – | 642 | ja |
| 100 | 250 | hinher | 3,2 | 60 | 1,9 | 2,2 | 2,2 | 169 / 356 | 93,1 | 172 | 191 | 497 | 820 | 887 | 0,0 | 0 | – | 342 | 574 | 674 | ja |
| 100 | 250 | stopp | 2,6 | 14 | 1,5 | 1,5 | 1,5 | 121 / 219 | 36,8 | 125 | 158 | 294 | 788 | 888 | 0,4 | 42 | – | 325 | 892 | 608 | ja |
