Marke: vorher – 20 Läufe

| GOP | Sprung | Szene | Dauer s | Zeiger/s | Bilder/s (Anzeige) | Video-Bilder/s | Sprünge/s | Sprung ms Ø/max | Verspät. Bilder Ø | p95 | max | Bildalter ms Ø | p95 | max | Zeichn./s | bearb. % | Maske sichtbar % | 1. Bild ms | Stillstand→richtig ms | Loslassen→Editor ms | Standbild ok |
|---|---|---|---|---|---|---|---|---|---|---|---|---|---|---|---|---|---|---|---|---|---|
| 25 | 0 | schnell | 1,0 | 59 | 9,0 | 10,0 | 10,0 | 106 / 226 | 39,2 | 88 | 97 | 143 | 318 | 351 | 0,0 | 0 | – | 89 | – | 238 | ja |
| 25 | 0 | langsam | 6,0 | 55 | 9,3 | 9,3 | 9,3 | 112 / 438 | 7,2 | 12 | 28 | 139 | 243 | 326 | 0,0 | 0 | – | 215 | – | 279 | ja |
| 25 | 0 | hinher | 3,3 | 45 | 0,9 | 8,7 | 8,7 | 119 / 348 | 117,8 | 203 | 218 | 1571 | 2957 | 3107 | 0,3 | 93 | – | 113 | – | 322 | ja |
| 25 | 0 | stopp | 2,6 | 13 | 2,3 | 2,3 | 2,3 | 132 / 180 | 14,4 | 65 | 75 | 59 | 255 | 307 | 0,4 | 67 | – | 95 | 190 | 295 | ja |
| 100 | 0 | schnell | 1,0 | 59 | 5,0 | 5,0 | 5,0 | 249 / 609 | 62,7 | 93 | 102 | 233 | 334 | 367 | 0,0 | 0 | – | 105 | – | 704 | ja |
| 100 | 0 | langsam | 6,0 | 58 | 4,0 | 4,0 | 4,0 | 255 / 554 | 18,4 | 35 | 44 | 410 | 797 | 997 | 0,0 | 0 | – | 131 | – | 492 | ja |
| 100 | 0 | hinher | 3,2 | 60 | 3,1 | 3,4 | 3,4 | 290 / 487 | 75,3 | 129 | 144 | 416 | 698 | 763 | 0,0 | 0 | – | 139 | – | 503 | ja |
| 100 | 0 | stopp | 2,6 | 14 | 1,2 | 1,5 | 1,5 | 255 / 341 | 27,5 | 121 | 130 | 134 | 487 | 554 | 0,4 | 61 | – | 141 | 423 | 438 | ja |
| 25 | 120 | schnell | 1,0 | 58 | 4,0 | 4,0 | 4,0 | 112 / 156 | 78,3 | 116 | 125 | 310 | 424 | 458 | 0,0 | 0 | – | 278 | – | 311 | ja |
| 25 | 120 | langsam | 6,0 | 57 | 4,7 | 4,8 | 4,8 | 84 / 159 | 12,7 | 18 | 20 | 285 | 399 | 449 | 0,0 | 0 | – | 216 | – | 264 | ja |
| 25 | 120 | hinher | 3,2 | 60 | 4,7 | 5,0 | 5,0 | 72 / 131 | 56,1 | 94 | 107 | 254 | 380 | 430 | 0,0 | 0 | – | 220 | 269 | 285 | ja |
| 25 | 120 | stopp | 2,6 | 14 | 1,2 | 1,5 | 1,5 | 82 / 137 | 18,3 | 98 | 116 | 75 | 370 | 420 | 0,4 | 74 | – | 258 | 208 | 391 | ja |
| 25 | 250 | schnell | 1,0 | 55 | 2,0 | 2,0 | 2,0 | 162 / 339 | 122,1 | 191 | 191 | 529 | 709 | 726 | 0,0 | 0 | – | 347 | – | 565 | ja |
| 25 | 250 | langsam | 6,0 | 60 | 3,0 | 3,2 | 3,2 | 55 / 93 | 19,6 | 26 | 28 | 432 | 571 | 638 | 0,0 | 0 | – | 338 | – | 353 | ja |
| 25 | 250 | hinher | 3,2 | 60 | 3,1 | 3,1 | 3,1 | 46 / 89 | 82,0 | 149 | 172 | 405 | 575 | 625 | 0,0 | 0 | – | 330 | – | 345 | ja |
| 25 | 250 | stopp | 2,6 | 14 | 0,8 | 1,2 | 1,2 | 52 / 88 | 25,7 | 135 | 163 | 114 | 543 | 595 | 0,4 | 75 | – | 350 | 316 | 398 | ja |
| 100 | 250 | schnell | 1,0 | 59 | 2,0 | 2,0 | 2,0 | 205 / 417 | 112,7 | 177 | 186 | 480 | 641 | 674 | 0,0 | 0 | – | 330 | – | 645 | ja |
| 100 | 250 | langsam | 6,0 | 59 | 2,2 | 2,3 | 2,3 | 173 / 327 | 26,7 | 39 | 45 | 592 | 885 | 1018 | 0,0 | 0 | – | 335 | – | 600 | ja |
| 100 | 250 | hinher | 3,2 | 60 | 2,5 | 2,5 | 2,5 | 169 / 343 | 86,1 | 176 | 195 | 490 | 858 | 925 | 0,0 | 0 | – | 312 | – | 610 | ja |
| 100 | 250 | stopp | 2,6 | 13 | 0,8 | 1,2 | 1,2 | 103 / 174 | 32,1 | 144 | 167 | 162 | 615 | 714 | 0,4 | 67 | – | 335 | 468 | 601 | ja |
