KREUZEND A allein   : 0.83 0.83 0.83 0.83 0.83 0.83 0.83 0.83 0.83 0.83 0.83 0.83 0.83 0.83 0.83 0.83 0.83 0.83 0.83 0.83 0.84 0.80 0.77 0.78 0.77 0.68 0.51 0.37 0.26 0.17 0.09 0.06 0.04 0.02 0.01 0.00 0.00 0.00 0.00 0.00 0.00 0.00 0.00 0.00 0.00 0.00 0.00 0.00 0.00 0.00
KREUZEND A allein, Fläche der Maske: 1932 1932 1932 1932 1932 1932 1932 1932 1932 1932 1932 1932 1932 1932 1932 1932 1932 1934 1932 1932 1903 1806 1687 1519 1422 1423 1421 1420 1421 1421 1423 1420 1423 1423 1421 1420 1421 1421 1423 1420 1423 1423 1421 1420 1421 1421 1423 1420 1420 1420
KREUZEND A allein, Anteil der Maske auf B: 0.00 0.00 0.00 0.00 0.00 0.00 0.00 0.00 0.00 0.00 0.00 0.00 0.00 0.00 0.00 0.00 0.00 0.00 0.00 0.00 0.03 0.09 0.09 0.05 0.07 0.07 0.09 0.09 0.09 0.09 0.07 0.07 0.07 0.07 0.09 0.09 0.09 0.09 0.07 0.07 0.07 0.07 0.09 0.09 0.09 0.09 0.07 0.07 0.07 0.07
KREUZEND B allein   : 0.83 0.83 0.83 0.83 0.83 0.83 0.83 0.83 0.83 0.83 0.83 0.83 0.83 0.83 0.83 0.83 0.83 0.83 0.83 0.83 0.83 0.83 0.83 0.83 0.83 0.83 0.83 0.83 0.83 0.83 0.83 0.83 0.83 0.83 0.83 0.83 0.83 0.83 0.83 0.83 0.83 0.83 0.83 0.83 0.83 0.83 0.83 0.83 0.83 0.83
GETRENNT Teil A     : 0.83 0.83 0.83 0.83 0.83 0.83 0.83 0.83 0.83 0.83 0.83 0.83 0.83 0.83 0.83 0.83 0.83 0.83 0.83 0.83 0.83 0.83 0.83 0.83 0.83 0.83 0.83 0.83 0.83 0.83 0.83 0.83 0.83 0.83 0.83 0.83 0.83 0.83 0.83 0.83 0.83 0.83 0.83 0.83 0.83 0.83 0.83 0.83 0.83 0.83
GETRENNT Teil B     : 0.83 0.83 0.83 0.83 0.83 0.83 0.83 0.83 0.83 0.83 0.83 0.83 0.83 0.83 0.83 0.83 0.83 0.83 0.83 0.83 0.83 0.83 0.83 0.83 0.83 0.83 0.83 0.83 0.83 0.83 0.83 0.83 0.83 0.83 0.83 0.83 0.83 0.83 0.83 0.83 0.83 0.83 0.83 0.83 0.83 0.83 0.83 0.83 0.83 0.83
GETRENNT 1 Teil/2 Punkte, Deckung mit A∪B: 0.83 0.83 0.74 0.83 0.83 0.79 0.69 0.61 0.54 0.48 0.43 0.39 0.36 0.33 0.30 0.29 0.29 0.29 0.29 0.29 0.29 0.29 0.29 0.29 0.29 0.29 0.29 0.29 0.29 0.29 0.29 0.29 0.29 0.29 0.29 0.29 0.29 0.29 0.29 0.29 0.29 0.29 0.29 0.29 0.29 0.29 0.29 0.29 0.30 0.29
GETRENNT 1 Teil/2 Punkte, Anteil von A gedeckt: 1.00 1.00 1.00 1.00 1.00 0.95 0.81 0.67 0.55 0.44 0.34 0.24 0.16 0.09 0.03 0.00 0.00 0.00 0.00 0.00 0.00 0.00 0.00 0.00 0.00 0.00 0.00 0.00 0.00 0.00 0.00 0.00 0.00 0.00 0.00 0.00 0.00 0.00 0.00 0.00 0.00 0.00 0.00 0.00 0.00 0.00 0.00 0.00 0.00 0.00
GETRENNT 1 Teil/2 Punkte, Anteil von B gedeckt: 1.00 1.00 1.00 1.00 1.00 1.00 1.00 1.00 1.00 1.00 1.00 1.00 1.00 1.00 1.00 1.00 1.00 1.00 1.00 1.00 1.00 1.00 1.00 1.00 1.00 1.00 1.00 1.00 1.00 1.00 1.00 1.00 1.00 1.00 1.00 1.00 1.00 1.00 1.00 1.00 1.00 1.00 1.00 1.00 1.00 1.00 1.00 1.00 1.00 1.00
 Test Files  1 passed (1)
      Tests  4 passed (4)
